[gd_scene load_steps=9 format=3 uid="uid://cfnnldmmjhy6x"]

[sub_resource type="CapsuleMesh" id="CapsuleMesh_5uaxx"]
radius = 0.025
height = 0.5

[sub_resource type="StandardMaterial3D" id="StandardMaterial3D_3cbf2"]
albedo_color = Color(0, 0, 0, 1)

[sub_resource type="CapsuleMesh" id="CapsuleMesh_vmvbb"]
radius = 0.025
height = 0.35

[sub_resource type="StandardMaterial3D" id="StandardMaterial3D_odppk"]
albedo_color = Color(0, 0, 0, 1)

[sub_resource type="CapsuleMesh" id="CapsuleMesh_hqeds"]
radius = 0.025
height = 0.35

[sub_resource type="StandardMaterial3D" id="StandardMaterial3D_elucp"]
albedo_color = Color(0, 0, 0, 1)

[sub_resource type="CapsuleMesh" id="CapsuleMesh_msehb"]
radius = 0.005
height = 1.0

[sub_resource type="StandardMaterial3D" id="StandardMaterial3D_3bcrs"]
albedo_color = Color(0, 0, 0, 1)

[node name="bow" type="Node3D"]
transform = Transform3D(1, 0, 0, 0, 0.996195, -0.0871557, 0, 0.0871557, 0.996195, 0.333691, 0.796979, -0.263379)

[node name="handle" type="MeshInstance3D" parent="."]
transform = Transform3D(1, 0, 0, 0, 1, 0, 0, 0, 1, 0, 0, -0.0407126)
mesh = SubResource("CapsuleMesh_5uaxx")
surface_material_override/0 = SubResource("StandardMaterial3D_3cbf2")

[node name="top" type="MeshInstance3D" parent="."]
transform = Transform3D(1, 0, 0, 0, 0.866025, -0.5, 0, 0.5, 0.866025, 0, 0.375, 0.0392874)
mesh = SubResource("CapsuleMesh_vmvbb")
surface_material_override/0 = SubResource("StandardMaterial3D_odppk")

[node name="bottom" type="MeshInstance3D" parent="."]
transform = Transform3D(1, 0, 0, 0, 0.866025, 0.5, 0, -0.5, 0.866025, 0, -0.375, 0.0392874)
mesh = SubResource("CapsuleMesh_hqeds")
surface_material_override/0 = SubResource("StandardMaterial3D_elucp")

[node name="draw_string" type="MeshInstance3D" parent="."]
transform = Transform3D(1, 0, 0, 0, 1, 0, 0, 0, 1, 0, 0, 0.119658)
mesh = SubResource("CapsuleMesh_msehb")
surface_material_override/0 = SubResource("StandardMaterial3D_3bcrs")
